2 0.6578125 0.60859375 0.0375 0.0359375
2 0.70625 0.6 0.04375 0.0625
2 0.6421875 0.45703125 0.03125 0.1390625
2 0.40546875 0.30703125 0.3515625 0.0921875
2 0.928125 0.621875 0.053125 0.259375
2 0.4296875 0.65390625 0.025 0.0765625
2 0.6046875 0.44375 0.01875 0.034375
2 0.6125 0.50390625 0.01875 0.0359375
2 0.61953125 0.58671875 0.0421875 0.1109375
2 0.75390625 0.53046875 0.0359375 0.0390625
2 0.28671875 0.64921875 0.0265625 0.0640625
2 0.3203125 0.640625 0.021875 0.08125
2 0.3984375 0.6671875 0.028125 0.04375
