2 0.6578125 0.609375 0.0375 0.034375
2 0.70546875 0.60078125 0.0421875 0.0609375
2 0.64140625 0.45546875 0.0328125 0.1390625
2 0.40546875 0.30703125 0.3515625 0.0921875
2 0.92734375 0.62265625 0.0515625 0.2578125
2 0.4296875 0.6515625 0.025 0.078125
2 0.60546875 0.44296875 0.0171875 0.0328125
2 0.6125 0.50390625 0.01875 0.0359375
2 0.6203125 0.58515625 0.04375 0.1109375
2 0.75234375 0.53046875 0.0359375 0.0390625
2 0.28671875 0.6484375 0.0265625 0.065625
2 0.3203125 0.64140625 0.021875 0.0828125
2 0.3984375 0.66875 0.028125 0.04375
