2 0.66953125 0.4140625 0.0421875 0.040625
2 0.71640625 0.42890625 0.0515625 0.0671875
2 0.63671875 0.5640625 0.0484375 0.14375
2 0.3828125 0.6828125 0.359375 0.134375
2 0.9390625 0.43515625 0.084375 0.2640625
2 0.4484375 0.34296875 0.034375 0.0796875
2 0.59765625 0.57265625 0.0234375 0.0359375
2 0.61171875 0.51328125 0.0234375 0.0359375
2 0.6296875 0.43203125 0.05625 0.1171875
2 0.75546875 0.50390625 0.0390625 0.0421875
2 0.30625 0.32890625 0.034375 0.0671875
2 0.3390625 0.34140625 0.03125 0.0828125
2 0.41953125 0.325 0.0328125 0.046875
