2 0.6671875 0.40859375 0.040625 0.0390625
2 0.71484375 0.421875 0.0484375 0.065625
2 0.6375 0.55859375 0.04375 0.1421875
2 0.38984375 0.6875 0.3578125 0.121875
2 0.9359375 0.41875 0.075 0.2625
2 0.44375 0.34453125 0.03125 0.0796875
2 0.6 0.56796875 0.021875 0.0359375
2 0.6125 0.51015625 0.021875 0.0359375
2 0.62734375 0.428125 0.0515625 0.115625
2 0.7546875 0.49453125 0.0375 0.0421875
2 0.30078125 0.3359375 0.0328125 0.065625
2 0.3328125 0.34765625 0.028125 0.0828125
2 0.4140625 0.32734375 0.03125 0.0453125
