2 0.584375 0.634375 0.00625 0.15625
2 0.59921875 0.603125 0.0078125 0.2375
2 0.6140625 0.578125 0.00625 0.334375
2 0.628125 0.6515625 0.00625 0.178125
2 0.3703125 0.52890625 0.00625 0.3859375
2 0.30078125 0.2671875 0.0078125 0.190625
2 0.29921875 0.66015625 0.0078125 0.2078125
2 0.775 0.6796875 0.00625 0.175
2 0.6859375 0.61875 0.00625 0.209375
2 0.7453125 0.6296875 0.00625 0.1625
2 0.73046875 0.64921875 0.0046875 0.1109375
2 0.78828125 0.678125 0.0078125 0.153125
2 0.92109375 0.5015625 0.0109375 0.55
