2 0.3765625 0.48828125 0.096875 0.1671875
2 0.1953125 0.7109375 0.075 0.15
2 0.30234375 0.7125 0.0421875 0.11875
2 0.42734375 0.68359375 0.0421875 0.1609375
2 0.084375 0.68125 0.09375 0.05625
2 0.08046875 0.59296875 0.1578125 0.0390625
2 0.28828125 0.77578125 0.0953125 0.0671875
2 0.7328125 0.53359375 0.075 0.0609375
2 0.740625 0.3390625 0.053125 0.146875
2 0.82734375 0.64140625 0.0453125 0.2328125
2 0.82421875 0.32421875 0.0515625 0.1953125
2 0.68828125 0.70859375 0.0671875 0.1265625
2 0.61953125 0.7578125 0.0421875 0.08125
