2 0.3859375 0.26875 0.0625 0.065625
2 0.328125 0.6375 0.05625 0.290625
2 0.70078125 0.48125 0.0140625 0.1
2 0.2375 0.3171875 0.015625 0.065625
2 0.11484375 0.61796875 0.0171875 0.2828125
2 0.06640625 0.1609375 0.0078125 0.06875
2 0.0625 0.3328125 0.0125 0.115625
2 0.44296875 0.646875 0.0203125 0.19375
2 0.440625 0.23515625 0.01875 0.1453125
2 0.3359375 0.165625 0.021875 0.1125
2 0.53125 0.2109375 0.021875 0.153125
2 0.696875 0.13828125 0.015625 0.0671875
2 0.70390625 0.66484375 0.0109375 0.0734375
2 0.70078125 0.7578125 0.0140625 0.071875
