2 0.6875 0.3953125 0.0875 0.028125
2 0.0625 0.56328125 0.009375 0.2171875
2 0.1953125 0.571875 0.009375 0.178125
2 0.06015625 0.24765625 0.0140625 0.2171875
2 0.16171875 0.4984375 0.0078125 0.1875
2 0.18046875 0.52421875 0.0078125 0.1484375
2 0.2125 0.57734375 0.00625 0.1734375
2 0.228125 0.51171875 0.00625 0.2421875
2 0.24609375 0.51015625 0.0078125 0.1671875
2 0.26171875 0.534375 0.0078125 0.184375
2 0.27734375 0.48046875 0.0078125 0.2171875
2 0.3046875 0.6515625 0.04375 0.05
2 0.75703125 0.37578125 0.0109375 0.5546875
2 0.7421875 0.25 0.009375 0.296875
2 0.47265625 0.56875 0.0078125 0.153125
2 0.4125 0.6328125 0.025 0.071875
2 0.578125 0.55234375 0.021875 0.0578125
2 0.4078125 0.1734375 0.009375 0.13125
2 0.66328125 0.53984375 0.0046875 0.1421875
2 0.3609375 0.596875 0.0125 0.0875
2 0.52890625 0.6078125 0.0390625 0.040625
2 0.490625 0.63984375 0.01875 0.0609375
2 0.4578125 0.63671875 0.0125 0.0828125
