2 0.31015625 0.5265625 0.1703125 0.428125
0 0.28515625 0.45703125 0.2765625 0.6015625
2 0.40390625 0.6359375 0.0171875 0.15625
2 0.734375 0.26953125 0.053125 0.0453125
2 0.975 0.5015625 0.053125 1.0
2 0.909375 0.84921875 0.1125 0.2390625
2 0.809375 0.125 0.05625 0.246875
2 0.659375 0.0890625 0.0625 0.175
2 0.49140625 0.2375 0.0453125 0.471875
2 0.52734375 0.046875 0.0234375 0.090625
2 0.36796875 0.14375 0.0453125 0.284375
2 0.16640625 0.26015625 0.0359375 0.5109375
0 0.140625 0.93671875 0.115625 0.1296875
0 0.04609375 0.33359375 0.0515625 0.0953125
2 0.06875 0.0796875 0.025 0.15625
2 0.8859375 0.59765625 0.084375 0.2265625
2 0.93046875 0.41953125 0.0265625 0.0578125
2 0.88515625 0.25546875 0.0359375 0.0328125
0 0.5859375 0.82265625 0.0875 0.0953125
0 0.4375 0.86484375 0.09375 0.1828125
2 0.815625 0.48203125 0.059375 0.4546875
2 0.846875 0.871875 0.175 0.259375
