2 0.26953125 0.890625 0.3140625 0.221875
2 0.11484375 0.5125 0.0203125 0.503125
2 0.15234375 0.428125 0.0265625 0.053125
2 0.1875 0.48203125 0.0125 0.0296875
2 0.153125 0.21328125 0.009375 0.0234375
2 0.1890625 0.66015625 0.028125 0.0859375
2 0.2140625 0.51796875 0.009375 0.0453125
2 0.2515625 0.54609375 0.009375 0.1265625
2 0.26640625 0.53984375 0.0140625 0.0953125
2 0.2375 0.8 0.025 0.04375
2 0.29453125 0.428125 0.0140625 0.075
2 0.29453125 0.29921875 0.0140625 0.0171875
2 0.30234375 0.51328125 0.0140625 0.0359375
2 0.31328125 0.55390625 0.0265625 0.0359375
2 0.34453125 0.57421875 0.0265625 0.0578125
2 0.3671875 0.5109375 0.025 0.034375
2 0.3859375 0.52890625 0.009375 0.0171875
2 0.4453125 0.47421875 0.021875 0.0546875
2 0.40625 0.91015625 0.0125 0.0265625
2 0.41953125 0.93046875 0.0296875 0.0171875
2 0.42578125 0.975 0.0265625 0.025
2 0.53046875 0.9015625 0.0296875 0.2
2 0.5125 0.55859375 0.0125 0.0359375
2 0.53515625 0.371875 0.0171875 0.240625
2 0.46171875 0.23203125 0.0109375 0.0796875
2 0.51328125 0.28984375 0.0171875 0.0359375
2 0.5 0.3234375 0.009375 0.025
2 0.5359375 0.53984375 0.009375 0.0671875
2 0.528125 0.71328125 0.025 0.2078125
2 0.52890625 0.14921875 0.0703125 0.2578125
2 0.403125 0.2421875 0.009375 0.04375
2 0.35390625 0.35234375 0.0078125 0.0234375
2 0.3078125 0.309375 0.009375 0.01875
2 0.30234375 0.265625 0.0140625 0.03125
2 0.34921875 0.33203125 0.0078125 0.0109375
2 0.33671875 0.32890625 0.0046875 0.0140625
2 0.3390625 0.30546875 0.00625 0.0171875
2 0.3046875 0.81484375 0.04375 0.0765625
2 0.26953125 0.809375 0.0140625 0.034375
2 0.23828125 0.82421875 0.0078125 0.0140625
2 0.57734375 0.39765625 0.0078125 0.0265625
2 0.56484375 0.41796875 0.0046875 0.0578125
2 0.55 0.428125 0.009375 0.121875
2 0.509375 0.4234375 0.009375 0.075
