1 0.40625 0.66484375 0.084375 0.1078125
1 0.24765625 0.66953125 0.1265625 0.1734375
1 0.12421875 0.5890625 0.0828125 0.115625
1 0.165625 0.3625 0.115625 0.26875
1 0.38125 0.271875 0.14375 0.15625
1 0.3578125 0.134375 0.053125 0.0625
1 0.09765625 0.09140625 0.0421875 0.0640625
1 0.19765625 0.0296875 0.0171875 0.021875
1 0.45 0.0609375 0.021875 0.03125
1 0.60078125 0.1203125 0.0046875 0.00625
1 0.6625 0.1515625 0.009375 0.00625
1 0.809375 0.20234375 0.196875 0.1796875
1 0.59921875 0.3546875 0.0546875 0.096875
1 0.615625 0.45078125 0.0125 0.0171875
1 0.7375 0.50390625 0.01875 0.0234375
1 0.7453125 0.52421875 0.009375 0.0109375
1 0.734375 0.54453125 0.009375 0.0140625
1 0.81640625 0.56015625 0.0203125 0.0265625
1 0.9375 0.6125 0.021875 0.01875
1 0.93515625 0.3875 0.0109375 0.0125
1 0.996875 0.38828125 0.009375 0.0171875
1 0.9953125 0.31171875 0.0125 0.0203125
2 0.8578125 0.0421875 0.06875 0.08125
1 0.7140625 0.240625 0.00625 0.009375
1 0.65078125 0.23828125 0.0046875 0.0046875
1 0.7734375 0.77890625 0.0875 0.0796875
1 0.671875 0.75625 0.01875 0.021875
1 0.71171875 0.9078125 0.0171875 0.025
1 0.79921875 0.8875 0.0171875 0.075
1 0.58671875 0.77109375 0.0109375 0.0234375
1 0.546875 0.7734375 0.025 0.04375
2 0.2140625 0.28125 0.03125 0.0625
2 0.25625 0.2921875 0.053125 0.090625
2 0.29296875 0.25859375 0.0140625 0.0140625
2 0.2296875 0.56796875 0.021875 0.0609375
2 0.2578125 0.60703125 0.040625 0.0265625
2 0.328125 0.55390625 0.04375 0.0359375
2 0.35 0.59765625 0.040625 0.0328125
2 0.3203125 0.58828125 0.03125 0.0234375
2 0.37265625 0.790625 0.0734375 0.0625
2 0.98828125 0.6015625 0.0265625 0.084375
2 0.4953125 0.1515625 0.03125 0.290625
