2 0.27578125 0.6 0.0109375 0.19375
2 0.1296875 0.565625 0.00625 0.25
2 0.14609375 0.603125 0.0078125 0.178125
2 0.06640625 0.56484375 0.0109375 0.2140625
2 0.06171875 0.246875 0.0109375 0.234375
2 0.32265625 0.54140625 0.0046875 0.1390625
2 0.753125 0.58125 0.009375 0.13125
2 0.7515625 0.21953125 0.009375 0.2859375
2 0.4671875 0.62109375 0.00625 0.0828125
2 0.4828125 0.61171875 0.009375 0.0734375
2 0.67265625 0.55 0.0078125 0.1875
2 0.45078125 0.6234375 0.0078125 0.08125
2 0.60859375 0.35390625 0.0046875 0.4203125
2 0.5453125 0.57890625 0.00625 0.1109375
