2 0.9203125 0.540625 0.015625 0.471875
2 0.696875 0.453125 0.021875 0.103125
2 0.60625 0.6921875 0.121875 0.2
2 0.41953125 0.5375 0.1296875 0.5125
2 0.3015625 0.5265625 0.009375 0.50625
2 0.31328125 0.5359375 0.0109375 0.50625
2 0.32890625 0.51640625 0.0140625 0.4640625
2 0.34375 0.38046875 0.009375 0.1703125
2 0.3453125 0.61796875 0.015625 0.1828125
2 0.61796875 0.4375 0.0234375 0.25
2 0.5140625 0.7171875 0.053125 0.14375
2 0.54453125 0.33515625 0.0140625 0.0953125
2 0.5765625 0.4 0.009375 0.15
2 0.5546875 0.490625 0.009375 0.190625
2 0.79140625 0.74453125 0.0109375 0.0703125
2 0.84453125 0.71484375 0.0203125 0.0984375
2 0.86640625 0.753125 0.0078125 0.084375
