2 0.4375 0.628125 0.13125 0.121875
2 0.52890625 0.6171875 0.0453125 0.125
2 0.59609375 0.62890625 0.0734375 0.1015625
2 0.64296875 0.62578125 0.0109375 0.1203125
2 0.4859375 0.42109375 0.0375 0.1296875
2 0.4546875 0.46953125 0.0125 0.1328125
2 0.4234375 0.403125 0.0125 0.21875
2 0.4375 0.45390625 0.009375 0.1484375
2 0.5375 0.4015625 0.0125 0.259375
2 0.553125 0.4171875 0.0125 0.125
2 0.56796875 0.34921875 0.0140625 0.2296875
2 0.5859375 0.37578125 0.0125 0.2265625
2 0.61796875 0.33515625 0.0109375 0.2546875
2 0.06953125 0.3890625 0.0109375 0.29375
2 0.12109375 0.3890625 0.0109375 0.3
2 0.05078125 0.46328125 0.0171875 0.4859375
2 0.128125 0.62734375 0.11875 0.0671875
2 0.40859375 0.40078125 0.0078125 0.1609375
2 0.390625 0.37890625 0.00625 0.1953125
2 0.7453125 0.32265625 0.0125 0.2609375
2 0.76171875 0.42734375 0.0109375 0.4796875
2 0.3421875 0.6203125 0.059375 0.046875
