2 0.575 0.4796875 0.24375 0.565625
2 0.3046875 0.3515625 0.028125 0.159375
2 0.3109375 0.63203125 0.040625 0.2140625
2 0.24609375 0.396875 0.0859375 0.071875
2 0.246875 0.5453125 0.08125 0.05
2 0.17578125 0.58515625 0.0546875 0.0671875
2 0.18046875 0.453125 0.0578125 0.05
2 0.2015625 0.68046875 0.015625 0.1234375
2 0.22265625 0.64921875 0.0203125 0.1421875
2 0.13671875 0.5046875 0.0203125 0.484375
2 0.11484375 0.6125 0.0203125 0.1375
2 0.09453125 0.6078125 0.0171875 0.171875
2 0.1015625 0.3375 0.025 0.190625
2 0.4203125 0.62734375 0.05 0.1796875
2 0.4171875 0.28515625 0.028125 0.1328125
