2 0.53671875 0.4640625 0.0484375 0.925
2 0.45390625 0.4640625 0.0515625 0.925
2 0.371875 0.46328125 0.04375 0.9234375
2 0.61484375 0.13828125 0.0359375 0.2734375
2 0.6875 0.12265625 0.03125 0.2421875
2 0.85078125 0.0953125 0.0359375 0.153125
2 0.2859375 0.09765625 0.04375 0.1921875
0 0.93359375 0.6984375 0.0453125 0.084375
0 0.859375 0.734375 0.05625 0.065625
0 0.775 0.7234375 0.05625 0.071875
2 0.62421875 0.859375 0.0484375 0.128125
2 0.621875 0.684375 0.034375 0.10625
2 0.7 0.79375 0.040625 0.2625
