2 0.12265625 0.22578125 0.0203125 0.1359375
2 0.1109375 0.35625 0.009375 0.153125
2 0.10546875 0.46875 0.0171875 0.04375
2 0.16484375 0.2609375 0.0171875 0.125
2 0.1609375 0.4203125 0.00625 0.075
2 0.18046875 0.48203125 0.0140625 0.0796875
2 0.16796875 0.646875 0.0109375 0.125
2 0.18359375 0.6203125 0.0171875 0.053125
2 0.275 0.4171875 0.0125 0.1
2 0.09375 0.23828125 0.00625 0.1671875
2 0.0796875 0.3328125 0.0125 0.30625
2 0.07890625 0.63671875 0.0109375 0.1890625
2 0.13046875 0.66015625 0.0109375 0.0671875
2 0.28828125 0.27890625 0.0078125 0.0515625
2 0.340625 0.33125 0.00625 0.05625
2 0.221875 0.48359375 0.009375 0.0453125
2 0.1828125 0.29296875 0.009375 0.0578125
2 0.43671875 0.27109375 0.0078125 0.0859375
2 0.4203125 0.21328125 0.00625 0.0546875
2 0.340625 0.18515625 0.00625 0.0671875
2 0.4859375 0.3 0.015625 0.059375
2 0.4859375 0.378125 0.01875 0.1
2 0.4484375 0.171875 0.009375 0.053125
2 0.49375 0.2203125 0.00625 0.078125
2 0.41953125 0.6109375 0.0421875 0.034375
2 0.471875 0.61015625 0.028125 0.0359375
2 0.5984375 0.2984375 0.03125 0.16875
2 0.59375 0.540625 0.0125 0.096875
2 0.53359375 0.33984375 0.0234375 0.0953125
2 0.603125 0.66875 0.01875 0.10625
2 0.56015625 0.7578125 0.0203125 0.071875
2 0.60859375 0.55859375 0.0078125 0.0796875
2 0.65390625 0.42265625 0.0265625 0.0828125
2 0.640625 0.1671875 0.00625 0.065625
2 0.64375 0.26640625 0.015625 0.1109375
2 0.6640625 0.3359375 0.0125 0.06875
2 0.65703125 0.59296875 0.0390625 0.0734375
2 0.65703125 0.675 0.0171875 0.0625
2 0.453125 0.4515625 0.0125 0.10625
2 0.43515625 0.390625 0.0078125 0.0625
2 0.68359375 0.21015625 0.0203125 0.0578125
2 0.690625 0.334375 0.009375 0.15
2 0.68671875 0.64609375 0.0171875 0.1703125
