2 0.6875 0.603125 0.01875 0.346875
2 0.6671875 0.58203125 0.01875 0.1171875
2 0.6375 0.75390625 0.028125 0.0953125
2 0.68359375 0.19453125 0.0171875 0.1546875
2 0.665625 0.35390625 0.01875 0.2046875
2 0.46953125 0.7609375 0.0359375 0.078125
2 0.43671875 0.7625 0.0171875 0.0625
2 0.49765625 0.459375 0.0484375 0.05625
2 0.45703125 0.46796875 0.0203125 0.1203125
2 0.41640625 0.46796875 0.0515625 0.0578125
2 0.353125 0.37109375 0.028125 0.3390625
2 0.37578125 0.32578125 0.0140625 0.1265625
2 0.38046875 0.4625 0.0203125 0.103125
2 0.31484375 0.46953125 0.0390625 0.0640625
2 0.2359375 0.47890625 0.090625 0.0484375
2 0.35078125 0.61640625 0.0171875 0.0984375
2 0.63984375 0.16796875 0.0140625 0.0828125
2 0.66484375 0.16953125 0.0203125 0.0984375
2 0.646875 0.53671875 0.009375 0.1953125
2 0.603125 0.34765625 0.009375 0.1578125
2 0.615625 0.5796875 0.0125 0.13125
2 0.2578125 0.20234375 0.015625 0.0984375
2 0.10546875 0.74921875 0.0140625 0.0828125
2 0.09921875 0.39921875 0.0171875 0.1703125
2 0.0640625 0.23515625 0.015625 0.0890625
2 0.1484375 0.4765625 0.046875 0.04375
2 0.33125 0.75 0.028125 0.078125
