2 0.2671875 0.28046875 0.084375 0.0328125
2 0.60625 0.7046875 0.025 0.128125
2 0.6421875 0.628125 0.025 0.05
2 0.6484375 0.7140625 0.034375 0.1
2 0.65 0.37578125 0.034375 0.0921875
2 0.61015625 0.3921875 0.0171875 0.090625
2 0.01484375 0.5890625 0.0203125 0.190625
2 0.06953125 0.575 0.0328125 0.2125
2 0.12734375 0.54921875 0.0265625 0.2828125
2 0.4859375 0.596875 0.01875 0.125
2 0.76484375 0.57109375 0.0203125 0.1234375
2 0.821875 0.58828125 0.028125 0.1078125
2 0.928125 0.665625 0.028125 0.115625
2 0.88046875 0.5953125 0.0359375 0.11875
