2 0.35390625 0.76796875 0.0796875 0.0671875
2 0.9265625 0.31640625 0.115625 0.1328125
2 0.94375 0.71796875 0.096875 0.1234375
2 0.56484375 0.43515625 0.0953125 0.0671875
2 0.12265625 0.1953125 0.1359375 0.06875
2 0.103125 0.33203125 0.078125 0.1078125
2 0.57578125 0.33671875 0.0765625 0.0921875
2 0.59609375 0.53828125 0.0515625 0.0984375
2 0.74453125 0.58671875 0.0453125 0.1765625
2 0.8453125 0.453125 0.04375 0.06875
2 0.91171875 0.48828125 0.0390625 0.1265625
2 0.74375 0.37109375 0.046875 0.1578125
