2 0.41484375 0.371875 0.0109375 0.240625
2 0.41796875 0.6328125 0.0109375 0.1125
2 0.4296875 0.3296875 0.00625 0.08125
2 0.47734375 0.63671875 0.0109375 0.0734375
2 0.49921875 0.6078125 0.0078125 0.05625
2 0.51484375 0.59765625 0.0109375 0.0328125
2 0.51171875 0.65625 0.0140625 0.046875
2 0.56328125 0.6640625 0.0328125 0.0375
2 0.59765625 0.64609375 0.0234375 0.0484375
2 0.61953125 0.534375 0.0609375 0.09375
2 0.73203125 0.55234375 0.0171875 0.0921875
2 0.73046875 0.65390625 0.0234375 0.0484375
2 0.7484375 0.58671875 0.009375 0.0734375
2 0.7484375 0.365625 0.009375 0.03125
2 0.7625 0.3234375 0.009375 0.2625
2 0.7625 0.615625 0.0125 0.134375
