2 0.33125 0.2546875 0.059375 0.121875
2 0.32421875 0.421875 0.0296875 0.140625
2 0.334375 0.64921875 0.053125 0.2203125
2 0.22421875 0.33203125 0.0234375 0.1609375
2 0.184375 0.353125 0.025 0.109375
2 0.19453125 0.60078125 0.0296875 0.0765625
2 0.38671875 0.52421875 0.0140625 0.1546875
2 0.38046875 0.34140625 0.0140625 0.0640625
2 0.4359375 0.2109375 0.040625 0.04375
2 0.42578125 0.36015625 0.0359375 0.1296875
2 0.49453125 0.30703125 0.0546875 0.2359375
2 0.49609375 0.6359375 0.0515625 0.24375
2 0.0625 0.24609375 0.01875 0.0953125
2 0.06796875 0.734375 0.0140625 0.053125
2 0.6734375 0.70390625 0.01875 0.1109375
2 0.67890625 0.20859375 0.0140625 0.0640625
2 0.3765625 0.73359375 0.009375 0.0421875
