2 0.07421875 0.246875 0.0265625 0.215625
2 0.06796875 0.50703125 0.0203125 0.2109375
2 0.071875 0.73125 0.021875 0.196875
2 0.3328125 0.25390625 0.06875 0.0734375
2 0.3828125 0.1859375 0.04375 0.096875
2 0.446875 0.22734375 0.078125 0.0859375
2 0.271875 0.5265625 0.025 0.321875
2 0.19375 0.671875 0.071875 0.071875
2 0.17578125 0.53359375 0.0140625 0.1359375
2 0.13359375 0.77265625 0.0296875 0.0921875
2 0.33515625 0.71875 0.0328125 0.1125
2 0.3609375 0.62265625 0.021875 0.0578125
2 0.3765625 0.74375 0.0375 0.121875
2 0.4265625 0.453125 0.015625 0.125
2 0.50390625 0.69453125 0.1515625 0.0828125
2 0.53984375 0.44765625 0.0453125 0.2578125
2 0.6609375 0.54375 0.025 0.36875
2 0.66640625 0.19921875 0.0171875 0.1515625
2 0.6828125 0.4625 0.021875 0.703125
2 0.44609375 0.7875 0.0390625 0.05
2 0.17578125 0.17421875 0.0328125 0.0609375
2 0.13125 0.284375 0.0125 0.125
