2 0.39375 0.3203125 0.0125 0.446875
2 0.18515625 0.3296875 0.0703125 0.0625
2 0.1609375 0.17421875 0.025 0.1546875
2 0.34140625 0.63046875 0.0234375 0.1203125
2 0.5015625 0.65078125 0.05 0.0484375
2 0.059375 0.39609375 0.0125 0.5859375
2 0.0734375 0.19375 0.0125 0.165625
2 0.10546875 0.1921875 0.0109375 0.1625
2 0.1203125 0.1765625 0.009375 0.134375
2 0.09296875 0.50078125 0.0109375 0.0953125
2 0.07421875 0.48671875 0.0140625 0.1390625
2 0.15390625 0.49921875 0.0078125 0.0921875
2 0.140625 0.56953125 0.0125 0.0421875
2 0.27265625 0.296875 0.0234375 0.134375
2 0.265625 0.66015625 0.109375 0.0578125
2 0.73203125 0.19453125 0.0078125 0.2640625
2 0.74921875 0.234375 0.0109375 0.30625
2 0.76484375 0.3671875 0.0140625 0.590625
2 0.65234375 0.6265625 0.0078125 0.065625
2 0.609375 0.6328125 0.025 0.078125
2 0.5796875 0.6359375 0.021875 0.0625
2 0.634375 0.62734375 0.009375 0.0515625
2 0.66796875 0.62578125 0.0109375 0.0578125
2 0.71953125 0.6265625 0.0109375 0.0625
2 0.73515625 0.62734375 0.0109375 0.0796875
2 0.753125 0.58828125 0.009375 0.1546875
2 0.665625 0.18515625 0.009375 0.0734375
2 0.64765625 0.2125 0.0109375 0.1
