2 0.04375 0.31328125 0.0125 0.2640625
2 0.08046875 0.184375 0.0515625 0.0625
2 0.0421875 0.63125 0.0125 0.1125
2 0.0453125 0.775 0.0125 0.08125
2 0.08828125 0.77890625 0.0484375 0.0890625
2 0.28828125 0.73671875 0.0265625 0.1359375
2 0.4203125 0.7390625 0.025 0.128125
2 0.6328125 0.5625 0.025 0.40625
2 0.69140625 0.68984375 0.0265625 0.1765625
2 0.6625 0.7859375 0.034375 0.071875
2 0.6609375 0.17109375 0.028125 0.1203125
2 0.69140625 0.16640625 0.0171875 0.0890625
2 0.5734375 0.44609375 0.0125 0.2890625
2 0.3140625 0.65390625 0.015625 0.0890625
