2 0.11796875 0.4578125 0.0203125 0.221875
2 0.140625 0.584375 0.0125 0.253125
2 0.16640625 0.68984375 0.0328125 0.1046875
2 0.19375 0.5296875 0.0125 0.19375
2 0.21796875 0.4734375 0.0265625 0.178125
2 0.23359375 0.7453125 0.0296875 0.05
2 0.09296875 0.16953125 0.0234375 0.0578125
2 0.603125 0.31015625 0.015625 0.0921875
2 0.64375 0.2578125 0.028125 0.140625
2 0.61875 0.61015625 0.028125 0.1546875
2 0.671875 0.20625 0.015625 0.115625
2 0.45 0.77109375 0.03125 0.0421875
2 0.678125 0.65859375 0.009375 0.0953125
