2 0.2921875 0.52578125 0.0125 0.3734375
2 0.30390625 0.41875 0.0109375 0.115625
2 0.3234375 0.49296875 0.0125 0.1328125
2 0.31640625 0.6703125 0.0234375 0.128125
2 0.0609375 0.290625 0.009375 0.08125
2 0.06796875 0.6953125 0.0109375 0.053125
2 0.3125 0.203125 0.028125 0.040625
2 0.371875 0.24609375 0.0375 0.1203125
2 0.378125 0.68359375 0.034375 0.1046875
2 0.0875 0.20390625 0.01875 0.0265625
2 0.1109375 0.203125 0.015625 0.025
2 0.6078125 0.1953125 0.028125 0.04375
2 0.68671875 0.26953125 0.0078125 0.1390625
