2 0.42421875 0.7890625 0.0296875 0.065625
2 0.07890625 0.51171875 0.0203125 0.3984375
2 0.08046875 0.246875 0.0203125 0.10625
2 0.12734375 0.228125 0.0421875 0.075
2 0.0609375 0.45 0.009375 0.15
2 0.21640625 0.596875 0.0296875 0.20625
2 0.25703125 0.24140625 0.0234375 0.0828125
2 0.31796875 0.4078125 0.0296875 0.475
2 0.4578125 0.28125 0.025 0.171875
2 0.41796875 0.40546875 0.0328125 0.4921875
2 0.36796875 0.78359375 0.0234375 0.0640625
2 0.50546875 0.71875 0.0171875 0.128125
2 0.54375 0.2265625 0.05 0.128125
2 0.68984375 0.325 0.0203125 0.225
2 0.6890625 0.6203125 0.021875 0.240625
2 0.64453125 0.18984375 0.0265625 0.0890625
2 0.53046875 0.68203125 0.0203125 0.1359375
2 0.6609375 0.703125 0.03125 0.228125
