2 0.29140625 0.62578125 0.0046875 0.1859375
2 0.29375 0.24453125 0.00625 0.1421875
2 0.3921875 0.51640625 0.0125 0.1734375
2 0.4078125 0.58359375 0.00625 0.2609375
2 0.43671875 0.38046875 0.0078125 0.2484375
2 0.45078125 0.64296875 0.0078125 0.1296875
2 0.4765625 0.6796875 0.015625 0.121875
2 0.578125 0.4984375 0.0125 0.234375
2 0.56015625 0.47421875 0.0171875 0.0578125
2 0.534375 0.50546875 0.0125 0.1203125
2 0.6328125 0.52578125 0.00625 0.2734375
2 0.684375 0.6359375 0.00625 0.253125
2 0.81484375 0.46640625 0.0078125 0.3796875
2 0.80234375 0.4875 0.0078125 0.228125
2 0.77109375 0.5140625 0.0234375 0.05
2 0.79140625 0.440625 0.0140625 0.078125
2 0.734375 0.38984375 0.01875 0.0390625
2 0.72265625 0.44921875 0.0140625 0.0546875
2 0.7546875 0.59140625 0.0125 0.1796875
2 0.92421875 0.65546875 0.0109375 0.1140625
2 0.921875 0.35078125 0.009375 0.2203125
2 0.60390625 0.7515625 0.0078125 0.06875
