2 0.440625 0.6625 0.021875 0.0875
2 0.41171875 0.7203125 0.0109375 0.04375
2 0.30546875 0.63984375 0.0109375 0.1421875
2 0.2921875 0.6515625 0.0125 0.0625
2 0.3765625 0.54609375 0.009375 0.0609375
2 0.36796875 0.74921875 0.0109375 0.0390625
2 0.35625 0.7296875 0.00625 0.05
2 0.3953125 0.6734375 0.021875 0.040625
2 0.459375 0.4859375 0.021875 0.1
2 0.44375 0.26484375 0.015625 0.1140625
2 0.5015625 0.1578125 0.04375 0.3125
2 0.4921875 0.796875 0.0375 0.328125
2 0.51015625 0.47265625 0.0171875 0.2546875
2 0.58125 0.1015625 0.025 0.11875
