2 0.5734375 0.34609375 0.028125 0.0890625
2 0.60703125 0.290625 0.0140625 0.04375
2 0.70703125 0.37734375 0.0203125 0.1421875
2 0.72109375 0.3671875 0.0171875 0.0625
2 0.63046875 0.46640625 0.0140625 0.0609375
2 0.65234375 0.26484375 0.0140625 0.0390625
2 0.6625 0.284375 0.009375 0.05
2 0.6203125 0.33828125 0.025 0.0421875
2 0.5421875 0.52109375 0.028125 0.1015625
2 0.54296875 0.74140625 0.0234375 0.1140625
2 0.478125 0.84453125 0.065625 0.3140625
2 0.53203125 0.20859375 0.0609375 0.3296875
2 0.490625 0.53046875 0.034375 0.2546875
2 0.39453125 0.89609375 0.0328125 0.1203125
