2 0.43828125 0.18515625 0.0453125 0.1609375
2 0.47890625 0.3 0.0265625 0.04375
2 0.45078125 0.42734375 0.0859375 0.2203125
2 0.4765625 0.8796875 0.16875 0.24375
2 0.575 0.3890625 0.184375 0.6875
2 0.29921875 0.68203125 0.2140625 0.6390625
2 0.221875 0.16875 0.03125 0.103125
2 0.14609375 0.22265625 0.0203125 0.0453125
2 0.07734375 0.646875 0.0265625 0.0625
2 0.1515625 0.92890625 0.03125 0.1453125
2 0.17578125 0.803125 0.0171875 0.059375
2 0.3703125 0.59140625 0.175 0.3796875
2 0.546875 0.74609375 0.025 0.0359375
2 0.54453125 0.7875 0.0171875 0.0375
2 0.6203125 0.4796875 0.084375 0.428125
