1 0.32890625 0.73203125 0.1390625 0.1390625
1 0.2609375 0.98125 0.03125 0.040625
1 0.38828125 0.43359375 0.0578125 0.1078125
1 0.51796875 0.56015625 0.0265625 0.0453125
1 0.04921875 0.8234375 0.0265625 0.01875
1 0.50234375 0.95234375 0.0140625 0.0265625
1 0.54921875 0.91015625 0.0265625 0.0421875
1 0.43125 0.61328125 0.021875 0.0359375
1 0.32265625 0.45625 0.0359375 0.053125
1 0.40859375 0.53046875 0.0140625 0.0828125
1 0.33359375 0.20390625 0.1671875 0.1109375
1 0.0328125 0.38671875 0.009375 0.0140625
1 0.01484375 0.37890625 0.0078125 0.0171875
1 0.08671875 0.45234375 0.0109375 0.0171875
1 0.090625 0.14296875 0.025 0.0171875
1 0.06796875 0.20390625 0.0109375 0.0140625
1 0.3453125 0.546875 0.028125 0.028125
1 0.3859375 0.55 0.009375 0.01875
1 0.38203125 0.565625 0.0140625 0.0125
1 0.3859375 0.52421875 0.009375 0.0171875
1 0.365625 0.5171875 0.009375 0.0125
1 0.375 0.503125 0.009375 0.0125
1 0.36796875 0.50546875 0.0078125 0.0109375
1 0.44296875 0.91640625 0.0078125 0.0109375
1 0.44296875 0.16953125 0.0109375 0.0234375
1 0.43984375 0.19453125 0.0140625 0.0140625
1 0.46171875 0.41484375 0.0140625 0.0171875
1 0.4796875 0.46796875 0.009375 0.0140625
1 0.48828125 0.49140625 0.0140625 0.0265625
1 0.4703125 0.453125 0.009375 0.009375
1 0.4765625 0.44453125 0.00625 0.0046875
1 0.54375 0.4875 0.0125 0.034375
1 0.52578125 0.32890625 0.0046875 0.0046875
1 0.51328125 0.32265625 0.0046875 0.0078125
2 0.43828125 0.18515625 0.0453125 0.1609375
2 0.47890625 0.3 0.0265625 0.04375
2 0.45078125 0.42734375 0.0859375 0.2203125
2 0.4765625 0.8796875 0.16875 0.24375
2 0.575 0.3890625 0.184375 0.6875
2 0.29921875 0.68203125 0.2140625 0.6390625
1 0.209375 0.45 0.00625 0.021875
2 0.221875 0.16875 0.03125 0.103125
2 0.14609375 0.22265625 0.0203125 0.0453125
2 0.07734375 0.646875 0.0265625 0.0625
2 0.1515625 0.92890625 0.03125 0.1453125
2 0.17578125 0.803125 0.0171875 0.059375
2 0.3703125 0.59140625 0.175 0.3796875
2 0.546875 0.74609375 0.025 0.0359375
2 0.54453125 0.7875 0.0171875 0.0375
2 0.6203125 0.4796875 0.084375 0.428125
