2 0.4328125 0.8171875 0.05 0.1625
2 0.47578125 0.703125 0.0265625 0.04375
2 0.45 0.575 0.090625 0.221875
2 0.48203125 0.12421875 0.1734375 0.2453125
2 0.5734375 0.6171875 0.196875 0.690625
2 0.30078125 0.31953125 0.2234375 0.6359375
2 0.21640625 0.8296875 0.0328125 0.103125
2 0.14140625 0.775 0.0203125 0.046875
2 0.0796875 0.35 0.028125 0.0625
2 0.159375 0.07109375 0.034375 0.1390625
2 0.18125 0.1953125 0.01875 0.059375
2 0.371875 0.4109375 0.18125 0.38125
2 0.5515625 0.259375 0.025 0.0375
2 0.54921875 0.2171875 0.0171875 0.0375
2 0.61953125 0.52578125 0.0921875 0.4296875
