2 0.71015625 0.35234375 0.0734375 0.0703125
2 0.48515625 0.56171875 0.0796875 0.0390625
2 0.40078125 0.5828125 0.0359375 0.046875
2 0.56953125 0.7515625 0.0609375 0.0875
2 0.459375 0.75859375 0.078125 0.0828125
2 0.271875 0.809375 0.05625 0.084375
2 0.35234375 0.80703125 0.0859375 0.1421875
2 0.11953125 0.6703125 0.0578125 0.121875
2 0.190625 0.58671875 0.028125 0.0640625
2 0.25859375 0.57109375 0.0484375 0.0484375
2 0.29921875 0.4671875 0.0390625 0.06875
2 0.68515625 0.9375 0.0421875 0.059375
2 0.89140625 0.6453125 0.1109375 0.615625
2 0.028125 0.87578125 0.034375 0.0546875
2 0.534375 0.2640625 0.04375 0.06875
