2 0.709375 0.35234375 0.071875 0.0703125
2 0.4859375 0.5625 0.08125 0.040625
2 0.40078125 0.58203125 0.0359375 0.0484375
2 0.56953125 0.7515625 0.0609375 0.0875
2 0.459375 0.75859375 0.078125 0.0828125
2 0.27265625 0.80859375 0.0578125 0.0859375
2 0.35390625 0.8078125 0.0859375 0.14375
2 0.11953125 0.66953125 0.0578125 0.1234375
2 0.1921875 0.5859375 0.028125 0.065625
2 0.259375 0.571875 0.046875 0.046875
2 0.29921875 0.4671875 0.0390625 0.06875
2 0.68515625 0.9390625 0.0421875 0.059375
2 0.89296875 0.64609375 0.1109375 0.6171875
2 0.02890625 0.8765625 0.0359375 0.05625
2 0.534375 0.2640625 0.04375 0.06875
