2 0.709375 0.3515625 0.075 0.071875
2 0.48515625 0.56171875 0.0796875 0.0421875
2 0.39921875 0.58203125 0.0359375 0.0484375
2 0.56953125 0.7515625 0.0609375 0.0875
2 0.45859375 0.7578125 0.0765625 0.084375
2 0.27265625 0.80859375 0.0578125 0.0859375
2 0.35234375 0.8078125 0.0859375 0.14375
2 0.11953125 0.66953125 0.0578125 0.1234375
2 0.19140625 0.5859375 0.0296875 0.065625
2 0.259375 0.57109375 0.05 0.0484375
2 0.29765625 0.4671875 0.0390625 0.06875
2 0.684375 0.93671875 0.040625 0.0578125
2 0.89140625 0.6453125 0.1109375 0.615625
2 0.02890625 0.8765625 0.0359375 0.05625
2 0.53359375 0.2640625 0.0453125 0.06875
