2 0.68984375 0.67578125 0.0796875 0.0765625
2 0.49375 0.43984375 0.084375 0.0484375
2 0.4109375 0.409375 0.040625 0.05
2 0.59921875 0.2625 0.0703125 0.09375
2 0.490625 0.24140625 0.0875 0.0921875
2 0.3109375 0.16875 0.065625 0.090625
2 0.390625 0.18046875 0.103125 0.1515625
2 0.14375 0.2890625 0.071875 0.128125
2 0.20390625 0.3796875 0.0359375 0.065625
2 0.26875 0.403125 0.053125 0.053125
2 0.29609375 0.51171875 0.0453125 0.0734375
2 0.73671875 0.09140625 0.0484375 0.0640625
2 0.90703125 0.40625 0.1859375 0.625
2 0.078125 0.07265625 0.040625 0.0578125
2 0.50546875 0.74140625 0.0515625 0.0734375
