2 0.3265625 0.315625 0.084375 0.08125
2 0.50703125 0.5640625 0.0859375 0.053125
2 0.58671875 0.6 0.0421875 0.053125
2 0.38828125 0.734375 0.0765625 0.096875
2 0.49453125 0.7625 0.0921875 0.096875
2 0.66875 0.8484375 0.071875 0.09375
2 0.58984375 0.8296875 0.1109375 0.15625
2 0.84453125 0.7390625 0.0796875 0.13125
2 0.79140625 0.64453125 0.0390625 0.0671875
2 0.7265625 0.6171875 0.05625 0.05625
2 0.7078125 0.50625 0.05 0.075
2 0.2390625 0.8953125 0.053125 0.065625
2 0.103125 0.5671875 0.203125 0.625
2 0.8953125 0.96015625 0.04375 0.0609375
2 0.515625 0.26328125 0.05625 0.0765625
