0 0.503125 0.19609375 0.021875 0.0953125
0 0.59765625 0.290625 0.0140625 0.06875
0 0.5546875 0.25 0.01875 0.09375
0 0.628125 0.334375 0.01875 0.05625
0 0.65546875 0.3578125 0.0078125 0.046875
0 0.67734375 0.37890625 0.0140625 0.0359375
0 0.703125 0.40703125 0.009375 0.0421875
0 0.7203125 0.428125 0.00625 0.040625
0 0.73515625 0.43828125 0.0078125 0.0328125
0 0.74765625 0.440625 0.0078125 0.025
0 0.76328125 0.4609375 0.0109375 0.046875
0 0.77578125 0.47734375 0.0078125 0.0421875
0 0.78515625 0.48828125 0.0046875 0.0421875
